FSM230550624 40 5 5 5 220 0
0 1 0 2
0 20 1 4
0 38 2 3
0 24 3 0
0 1 4 2
1 11 0 0
1 27 1 1
1 4 2 2
1 12 3 2
1 36 4 3
2 7 0 1
2 18 1 4
2 27 2 4
2 14 3 3
2 2 4 3
3 24 0 1
3 13 1 3
3 4 2 2
3 37 3 4
3 21 4 4
4 36 0 0
4 2 1 3
4 0 2 2
4 8 3 1
4 10 4 4
5 30 0 1
5 29 0 3
5 23 1 4
5 36 2 0
5 16 3 1
5 24 4 4
6 3 0 2
6 38 1 2
6 21 2 3
6 39 3 3
6 26 3 2
6 21 3 1
6 25 4 4
7 30 0 4
7 13 1 2
7 26 2 0
7 36 3 0
7 15 4 4
8 12 0 0
8 21 1 4
8 30 2 2
8 7 3 2
8 7 4 3
9 25 0 4
9 38 1 1
9 22 2 1
9 30 3 3
9 20 4 1
10 15 0 0
10 24 1 2
10 3 2 0
10 2 3 0
10 36 4 4
11 36 0 1
11 39 1 3
11 1 2 4
11 39 3 3
11 20 4 3
12 27 0 3
12 8 1 3
12 21 2 0
12 13 3 4
12 16 4 0
13 0 0 4
13 36 1 3
13 8 2 4
13 29 3 2
13 5 4 3
14 3 0 2
14 23 1 3
14 36 1 0
14 29 1 1
14 38 2 4
14 32 3 2
14 12 4 3
15 30 0 2
15 31 1 0
15 36 2 1
15 15 2 2
15 6 2 3
15 2 3 1
15 33 4 4
16 4 0 1
16 38 1 2
16 21 2 4
16 36 3 2
16 35 4 2
16 29 4 3
16 8 4 1
17 1 0 4
17 23 1 2
17 22 2 0
17 26 3 2
17 32 4 2
18 34 0 1
18 16 1 4
18 12 2 0
18 34 3 4
18 32 4 0
19 38 0 3
19 23 1 4
19 7 2 4
19 37 3 1
19 33 4 0
20 16 0 1
20 8 1 2
20 14 2 4
20 31 3 1
20 33 4 0
21 13 0 2
21 32 1 0
21 36 2 1
21 6 3 2
21 24 4 1
22 9 0 1
22 10 1 3
22 4 2 4
22 39 3 3
22 34 4 0
23 9 0 1
23 34 1 2
23 18 2 2
23 38 3 1
23 14 3 2
23 34 4 4
24 34 0 2
24 33 1 0
24 17 2 3
24 13 3 0
24 28 4 2
25 22 0 0
25 27 1 2
25 7 2 0
25 4 3 3
25 21 4 1
26 25 0 3
26 31 1 2
26 22 2 1
26 20 3 2
26 13 4 4
27 10 0 0
27 31 1 0
27 27 2 0
27 20 3 4
27 24 4 4
28 16 0 4
28 22 1 1
28 38 2 3
28 4 3 3
28 39 4 2
28 6 4 0
28 27 4 1
28 38 4 3
29 4 0 4
29 6 1 0
29 17 2 4
29 27 3 4
29 23 4 0
29 36 4 3
29 21 4 2
30 35 0 0
30 20 1 2
30 30 2 1
30 11 3 1
30 33 4 0
31 4 0 3
31 20 1 1
31 29 2 0
31 38 3 3
31 7 4 2
31 23 4 4
31 37 4 0
32 4 0 2
32 33 1 2
32 28 1 0
32 24 1 3
32 5 2 0
32 24 3 0
32 32 4 0
33 5 0 1
33 26 1 2
33 37 2 2
33 29 3 1
33 22 4 2
34 37 0 1
34 1 1 3
34 29 2 0
34 12 3 1
34 13 4 2
35 14 0 4
35 17 1 4
35 3 2 2
35 31 3 0
35 8 4 0
36 23 0 2
36 31 1 1
36 19 2 0
36 30 3 1
36 5 4 3
37 38 0 4
37 14 0 2
37 36 1 3
37 25 2 2
37 1 3 0
37 1 4 0
38 22 0 2
38 37 1 4
38 32 2 3
38 33 3 0
38 35 4 2
39 10 0 2
39 32 1 0
39 31 2 0
39 5 3 0
39 29 4 0
0
FSM230550625 40 5 5 5 223 0
0 33 0 4
0 20 1 4
0 15 2 4
0 5 3 4
0 23 4 4
1 8 0 2
1 29 1 1
1 27 2 2
1 9 3 0
1 14 4 1
2 15 0 3
2 32 1 4
2 39 2 0
2 27 3 4
2 26 4 3
3 7 0 2
3 23 0 1
3 10 0 3
3 0 0 4
3 4 1 2
3 33 2 1
3 30 2 2
3 15 2 0
3 19 3 3
3 18 4 2
4 8 0 1
4 33 1 0
4 32 2 1
4 9 3 2
4 25 4 4
5 25 0 0
5 28 1 3
5 1 2 3
5 32 3 2
5 10 4 3
5 0 4 2
5 15 4 4
5 28 4 0
6 23 0 2
6 23 1 2
6 23 2 4
6 28 3 2
6 20 4 1
7 34 0 3
7 10 1 4
7 30 2 0
7 27 3 1
7 35 4 1
8 38 0 3
8 24 1 3
8 39 2 2
8 24 3 0
8 6 4 1
9 35 0 1
9 16 1 4
9 4 2 2
9 33 3 2
9 28 4 2
10 6 0 3
10 4 1 0
10 12 2 0
10 5 3 1
10 21 4 4
11 16 0 2
11 38 1 2
11 15 2 1
11 1 3 0
11 37 4 1
12 10 0 2
12 13 1 3
12 12 2 3
12 33 3 4
12 16 3 3
12 13 3 2
12 29 4 3
13 38 0 3
13 35 1 1
13 23 2 1
13 29 3 2
13 9 4 3
14 13 0 4
14 2 1 3
14 9 2 3
14 8 3 4
14 3 4 0
15 24 0 2
15 33 1 3
15 2 2 3
15 10 3 1
15 28 4 1
16 13 0 0
16 17 1 4
16 20 2 1
16 37 3 0
16 15 4 0
17 12 0 3
17 34 1 0
17 4 2 4
17 15 3 1
17 35 4 4
18 18 0 3
18 17 1 2
18 9 2 3
18 21 3 0
18 3 4 3
19 18 0 0
19 5 1 4
19 13 2 2
19 15 3 3
19 36 4 4
20 38 0 4
20 6 1 0
20 9 2 2
20 39 3 4
20 5 4 1
21 36 0 1
21 7 1 1
21 20 2 1
21 22 3 1
21 29 4 0
21 21 4 4
22 25 0 2
22 11 1 1
22 38 2 2
22 27 3 1
22 16 4 0
23 9 0 4
23 10 1 3
23 32 2 4
23 28 3 3
23 32 4 1
24 39 0 3
24 24 1 0
24 29 2 4
24 23 3 3
24 19 4 3
25 36 0 2
25 38 1 2
25 32 2 2
25 7 3 3
25 12 3 0
25 32 3 4
25 20 3 2
25 35 4 0
26 7 0 1
26 18 1 2
26 11 2 1
26 9 3 0
26 29 4 0
27 0 0 2
27 15 1 0
27 1 2 4
27 26 3 4
27 28 4 4
28 23 0 0
28 1 1 0
28 8 2 4
28 25 3 4
28 2 4 1
29 29 0 4
29 3 1 0
29 5 2 0
29 16 3 2
29 33 4 1
30 4 0 1
30 15 1 0
30 4 2 2
30 24 3 0
30 8 4 1
31 32 0 3
31 34 1 1
31 36 2 2
31 0 3 4
31 23 4 1
32 9 0 4
32 5 1 0
32 10 2 0
32 24 3 1
32 34 4 4
32 29 4 3
32 12 4 1
32 22 4 0
33 14 0 4
33 32 1 2
33 15 2 4
33 4 3 2
33 20 4 4
34 21 0 2
34 17 1 4
34 35 2 4
34 23 3 4
34 12 4 2
35 28 0 2
35 7 1 3
35 28 2 3
35 34 3 4
35 39 4 3
36 6 0 1
36 27 0 2
36 7 0 4
36 22 0 3
36 11 1 1
36 28 2 3
36 18 3 1
36 31 4 2
37 10 0 0
37 6 1 2
37 3 2 4
37 28 3 3
37 36 4 3
38 7 0 1
38 17 1 2
38 25 1 3
38 38 1 0
38 10 1 1
38 8 2 1
38 29 3 2
38 29 4 1
39 27 0 3
39 34 1 2
39 30 2 1
39 17 3 2
39 22 4 4
0
FSM230550626 40 5 5 5 210 0
0 30 0 3
0 23 1 4
0 9 2 2
0 30 3 2
0 6 4 2
1 8 0 1
1 13 1 0
1 6 2 2
1 32 3 3
1 1 4 3
1 18 4 0
1 17 4 1
1 38 4 4
2 18 0 1
2 36 1 2
2 9 2 0
2 35 3 1
2 33 4 0
3 8 0 3
3 33 1 0
3 15 2 0
3 37 3 2
3 8 4 2
4 4 0 4
4 12 1 2
4 15 2 3
4 17 3 3
4 15 4 1
5 20 0 2
5 3 1 1
5 33 2 1
5 17 2 0
5 20 2 4
5 18 3 1
5 20 4 2
6 5 0 3
6 12 1 3
6 11 2 0
6 0 3 2
6 9 4 0
7 31 0 2
7 29 1 3
7 11 2 2
7 33 3 0
7 26 4 1
8 22 0 3
8 18 1 4
8 9 2 4
8 20 3 3
8 8 4 2
8 34 4 1
8 1 4 4
9 16 0 0
9 3 1 1
9 12 2 1
9 13 3 2
9 20 4 0
9 0 4 1
9 32 4 3
9 24 4 2
10 0 0 2
10 30 1 1
10 9 2 3
10 25 3 1
10 16 4 1
11 18 0 4
11 17 1 0
11 9 2 1
11 38 3 1
11 19 4 4
12 13 0 3
12 3 1 4
12 8 2 0
12 13 3 2
12 11 4 1
13 6 0 2
13 29 1 1
13 31 2 4
13 26 3 3
13 15 4 4
14 0 0 2
14 31 1 2
14 2 2 0
14 34 3 0
14 25 4 0
15 21 0 3
15 38 1 0
15 27 2 0
15 15 3 4
15 29 4 3
16 14 0 2
16 32 1 1
16 2 2 2
16 1 3 1
16 25 4 4
17 18 0 1
17 8 1 1
17 39 2 4
17 26 3 1
17 28 4 4
18 13 0 2
18 23 1 1
18 2 2 0
18 26 3 2
18 16 4 1
19 15 0 2
19 38 1 0
19 14 2 4
19 34 3 3
19 35 4 3
20 33 0 2
20 0 1 1
20 10 2 1
20 39 3 0
20 36 4 3
21 5 0 3
21 30 1 3
21 7 2 4
21 3 3 0
21 9 4 1
22 36 0 1
22 10 1 1
22 12 2 2
22 0 3 0
22 18 4 3
23 18 0 3
23 11 1 1
23 17 2 0
23 9 3 3
23 24 4 4
24 17 0 0
24 4 1 3
24 8 2 2
24 30 3 4
24 6 4 4
25 30 0 1
25 15 1 0
25 20 2 1
25 27 3 4
25 27 4 0
26 34 0 1
26 31 1 3
26 5 2 2
26 4 3 2
26 8 4 2
27 0 0 2
27 38 1 3
27 9 2 2
27 13 3 4
27 1 4 3
28 21 0 2
28 25 1 3
28 15 2 0
28 4 3 1
28 26 4 1
29 33 0 0
29 28 1 1
29 8 2 1
29 39 3 3
29 11 4 3
30 23 0 4
30 16 1 0
30 34 2 0
30 0 3 1
30 5 4 1
31 39 0 1
31 25 1 0
31 2 2 0
31 0 3 1
31 2 4 3
32 20 0 1
32 13 1 0
32 34 2 3
32 0 3 0
32 0 4 2
33 26 0 1
33 1 1 3
33 36 2 0
33 12 3 1
33 2 4 3
34 21 0 2
34 8 1 3
34 37 2 4
34 10 3 0
34 9 4 0
35 19 0 4
35 31 1 1
35 12 2 3
35 29 3 2
35 13 4 3
36 14 0 3
36 23 1 4
36 24 2 4
36 5 3 2
36 7 4 1
37 3 0 0
37 30 1 3
37 31 2 0
37 30 3 3
37 35 4 3
38 6 0 2
38 7 1 1
38 8 2 0
38 33 3 0
38 5 4 1
39 7 0 2
39 14 1 1
39 38 2 0
39 18 3 3
39 12 4 3
0
FSM230550627 40 5 5 5 220 0
0 24 0 1
0 10 1 4
0 12 1 2
0 3 1 1
0 1 1 3
0 5 2 1
0 10 3 0
0 22 4 2
1 15 0 0
1 18 1 4
1 8 2 4
1 27 3 0
1 24 4 0
2 34 0 4
2 25 1 3
2 21 2 0
2 23 3 4
2 6 4 2
3 5 0 1
3 9 1 3
3 15 2 2
3 30 3 4
3 17 4 4
4 12 0 3
4 14 1 1
4 6 2 4
4 22 3 4
4 32 4 4
5 39 0 3
5 36 1 0
5 17 2 3
5 17 3 2
5 36 4 0
6 21 0 3
6 16 1 0
6 27 2 4
6 39 3 0
6 1 4 1
7 10 0 4
7 31 1 4
7 10 2 4
7 13 3 3
7 23 4 0
8 39 0 0
8 28 1 3
8 39 2 0
8 33 3 1
8 38 4 3
9 39 0 3
9 23 1 3
9 3 2 4
9 21 2 2
9 11 2 1
9 0 2 3
9 16 3 0
9 15 4 1
10 37 0 2
10 29 1 0
10 23 2 2
10 6 3 0
10 28 4 1
11 27 0 0
11 29 1 2
11 27 2 2
11 19 3 3
11 3 4 3
12 10 0 1
12 7 1 1
12 11 2 2
12 15 3 1
12 15 4 4
13 3 0 3
13 10 1 4
13 31 2 3
13 15 3 2
13 20 4 4
14 25 0 2
14 13 1 0
14 2 1 3
14 11 1 1
14 30 2 3
14 18 3 2
14 18 4 4
14 2 4 0
14 22 4 3
14 22 4 1
15 34 0 4
15 18 1 2
15 21 2 2
15 25 3 0
15 4 4 0
16 25 0 3
16 29 0 2
16 9 0 4
16 32 1 4
16 10 2 4
16 9 3 3
16 3 4 2
17 30 0 1
17 31 1 4
17 18 2 3
17 39 3 3
17 2 4 3
18 34 0 0
18 0 1 1
18 11 2 0
18 16 3 1
18 20 4 0
19 38 0 4
19 17 1 3
19 22 2 2
19 10 3 2
19 1 4 1
20 37 0 2
20 18 1 2
20 25 2 4
20 19 3 1
20 31 3 3
20 32 3 4
20 30 4 2
21 7 0 0
21 1 1 0
21 17 2 1
21 19 3 3
21 33 4 2
22 30 0 4
22 22 1 3
22 10 2 2
22 37 3 1
22 10 4 2
23 23 0 1
23 21 1 4
23 26 2 1
23 1 3 0
23 17 4 3
24 18 0 1
24 21 1 2
24 7 2 4
24 20 2 3
24 21 2 0
24 38 2 2
24 0 3 3
24 1 4 4
25 13 0 1
25 26 1 3
25 18 2 1
25 37 3 1
25 32 4 3
26 15 0 0
26 1 1 4
26 33 2 3
26 32 3 3
26 17 4 3
27 11 0 4
27 27 1 3
27 8 2 4
27 29 3 1
27 35 4 3
28 36 0 4
28 3 1 1
28 21 2 4
28 7 3 1
28 24 4 1
29 28 0 3
29 32 1 2
29 29 2 0
29 14 3 0
29 23 4 4
30 34 0 0
30 38 1 4
30 9 2 4
30 0 3 3
30 15 4 1
31 23 0 1
31 0 1 0
31 35 2 1
31 11 3 4
31 3 4 0
32 10 0 1
32 21 1 3
32 24 1 2
32 5 2 2
32 5 3 3
32 9 4 3
33 5 0 0
33 5 1 3
33 15 2 0
33 13 3 4
33 35 4 1
34 1 0 2
34 14 1 0
34 31 2 0
34 25 3 2
34 38 4 3
35 37 0 3
35 2 1 2
35 19 2 2
35 23 3 1
35 39 4 3
36 5 0 4
36 5 1 2
36 22 2 2
36 0 3 3
36 22 4 3
36 14 4 0
37 1 0 3
37 9 1 1
37 19 2 3
37 26 3 3
37 15 4 4
38 20 0 1
38 2 1 3
38 4 2 1
38 27 3 3
38 24 4 4
39 18 0 3
39 37 1 4
39 1 2 1
39 23 3 0
39 9 4 1
0
FSM230550628 40 5 5 5 221 0
0 15 0 1
0 39 1 0
0 13 2 1
0 8 3 2
0 24 4 4
1 13 0 0
1 10 1 2
1 4 2 4
1 3 3 0
1 33 4 0
2 5 0 2
2 37 1 4
2 21 1 1
2 14 1 0
2 30 2 2
2 6 3 3
2 24 4 2
3 14 0 4
3 7 1 3
3 6 2 2
3 0 3 4
3 10 4 4
4 36 0 3
4 38 1 4
4 39 2 4
4 27 3 4
4 1 4 3
5 2 0 1
5 33 0 4
5 1 0 3
5 13 1 1
5 2 1 2
5 20 2 1
5 23 3 3
5 33 4 3
6 14 0 0
6 1 1 2
6 39 2 1
6 10 3 4
6 7 4 4
7 21 0 4
7 1 1 0
7 12 2 0
7 13 3 2
7 23 4 3
8 11 0 0
8 12 1 1
8 23 2 4
8 12 3 1
8 32 4 0
9 32 0 2
9 25 1 0
9 22 2 4
9 38 3 0
9 11 4 4
10 34 0 3
10 9 1 1
10 36 2 2
10 19 3 1
10 3 4 0
11 25 0 1
11 26 1 2
11 2 2 2
11 36 3 3
11 34 4 1
12 0 0 4
12 18 1 2
12 18 2 4
12 13 3 2
12 16 4 2
13 7 0 3
13 27 1 3
13 37 2 3
13 34 3 1
13 14 4 0
14 32 0 4
14 26 1 3
14 15 2 0
14 20 3 1
14 19 4 3
15 29 0 1
15 32 1 4
15 1 2 3
15 30 2 2
15 34 2 4
15 26 3 2
15 38 4 1
16 31 0 2
16 21 1 1
16 10 2 3
16 11 3 0
16 37 4 2
17 35 0 1
17 27 1 3
17 29 2 3
17 23 3 4
17 3 4 2
18 2 0 0
18 1 1 2
18 26 2 2
18 37 3 0
18 38 4 1
19 35 0 2
19 17 1 0
19 11 2 0
19 10 3 0
19 30 4 2
20 26 0 4
20 31 1 4
20 10 2 3
20 19 3 2
20 39 4 4
21 20 0 1
21 18 1 0
21 6 2 4
21 32 3 0
21 14 4 3
22 29 0 1
22 39 1 1
22 8 2 1
22 5 3 0
22 21 4 0
23 22 0 2
23 38 1 4
23 7 2 3
23 23 3 0
23 26 4 3
24 37 0 2
24 13 1 0
24 33 2 3
24 26 3 1
24 14 4 2
25 32 0 2
25 15 1 2
25 12 2 2
25 13 3 1
25 29 4 3
26 26 0 4
26 22 1 4
26 33 2 2
26 14 3 2
26 34 4 0
27 11 0 3
27 24 1 3
27 2 2 1
27 29 3 3
27 24 4 1
28 35 0 2
28 0 1 2
28 17 2 2
28 22 3 0
28 34 3 1
28 23 3 2
28 2 4 2
29 11 0 1
29 0 1 3
29 1 2 0
29 3 3 0
29 31 4 0
30 15 0 1
30 14 1 0
30 34 2 3
30 5 3 1
30 22 4 2
31 27 0 4
31 8 1 1
31 10 2 2
31 12 2 4
31 4 3 1
31 4 4 0
32 26 0 3
32 20 0 1
32 38 0 0
32 3 0 4
32 28 1 4
32 14 2 3
32 9 3 1
32 17 4 2
32 32 4 3
32 37 4 0
32 33 4 1
33 25 0 1
33 16 0 3
33 5 0 0
33 23 1 4
33 13 2 0
33 38 3 0
33 33 4 0
34 34 0 3
34 28 1 1
34 16 2 0
34 22 3 1
34 35 4 0
35 7 0 2
35 8 1 3
35 11 2 3
35 11 3 4
35 32 4 3
36 1 0 4
36 6 1 1
36 3 2 3
36 39 3 4
36 13 4 0
37 14 0 2
37 27 1 0
37 6 2 4
37 37 3 0
37 18 4 1
38 3 0 2
38 23 0 0
38 15 0 1
38 6 0 4
38 8 1 1
38 18 2 0
38 23 3 2
38 17 4 1
39 6 0 4
39 3 1 2
39 0 2 0
39 7 3 0
39 33 4 2
0
FSM230550722 80 5 5 5 443 0
0 41 0 2
0 20 1 4
0 38 2 3
0 64 3 0
0 1 4 2
1 11 0 0
1 27 1 1
1 44 2 2
1 52 3 2
1 76 4 3
2 7 0 1
2 18 1 4
2 67 2 4
2 54 3 3
2 42 4 3
3 24 0 1
3 13 1 3
3 44 2 2
3 37 3 4
3 61 4 4
4 76 0 0
4 2 1 3
4 0 2 2
4 8 3 1
4 50 4 4
5 70 0 1
5 29 0 3
5 63 1 4
5 36 2 0
5 16 3 1
5 64 4 4
6 43 0 2
6 38 1 2
6 61 2 3
6 79 3 3
6 66 3 2
6 61 3 1
6 25 4 4
7 30 0 4
7 53 1 2
7 66 2 0
7 76 3 0
7 55 4 4
8 52 0 0
8 61 1 4
8 70 2 2
8 7 3 2
8 47 4 3
9 65 0 4
9 78 1 1
9 22 2 1
9 70 3 3
9 20 4 1
10 55 0 0
10 24 1 2
10 3 2 0
10 2 3 0
10 36 4 4
11 36 0 1
11 79 1 3
11 41 2 4
11 79 3 3
11 20 4 3
12 67 0 3
12 8 1 3
12 21 2 0
12 13 3 4
12 16 4 0
13 40 0 4
13 36 1 3
13 48 2 4
13 29 3 2
13 5 4 3
14 43 0 2
14 63 1 3
14 36 1 0
14 69 1 1
14 78 2 4
14 72 3 2
14 52 4 3
15 30 0 2
15 31 1 0
15 36 2 1
15 55 2 2
15 6 2 3
15 42 3 1
15 33 4 4
16 4 0 1
16 78 1 2
16 21 2 4
16 76 3 2
16 35 4 2
16 69 4 3
16 48 4 1
17 41 0 4
17 23 1 2
17 22 2 0
17 66 3 2
17 72 4 2
18 74 0 1
18 56 1 4
18 52 2 0
18 74 3 4
18 72 4 0
19 38 0 3
19 23 1 4
19 47 2 4
19 77 3 1
19 33 4 0
20 16 0 1
20 8 1 2
20 54 2 4
20 31 3 1
20 73 4 0
21 53 0 2
21 72 1 0
21 76 2 1
21 46 3 2
21 64 4 1
22 9 0 1
22 50 1 3
22 44 2 4
22 39 3 3
22 74 4 0
23 9 0 1
23 74 1 2
23 18 2 2
23 38 3 1
23 14 3 2
23 34 4 4
24 34 0 2
24 73 1 0
24 57 2 3
24 13 3 0
24 28 4 2
25 62 0 0
25 27 1 2
25 47 2 0
25 4 3 3
25 21 4 1
26 65 0 3
26 71 1 2
26 22 2 1
26 60 3 2
26 13 4 4
27 50 0 0
27 31 1 0
27 27 2 0
27 60 3 4
27 24 4 4
28 16 0 4
28 62 1 1
28 38 2 3
28 44 3 3
28 79 4 2
28 6 4 0
28 67 4 1
28 38 4 3
29 44 0 4
29 46 1 0
29 57 2 4
29 27 3 4
29 63 4 0
29 36 4 3
29 61 4 2
30 35 0 0
30 20 1 2
30 70 2 1
30 51 3 1
30 33 4 0
31 44 0 3
31 60 1 1
31 69 2 0
31 78 3 3
31 47 4 2
31 63 4 4
31 77 4 0
32 4 0 2
32 73 1 2
32 28 1 0
32 24 1 3
32 45 2 0
32 64 3 0
32 72 4 0
33 5 0 1
33 26 1 2
33 77 2 2
33 29 3 1
33 62 4 2
34 77 0 1
34 41 1 3
34 69 2 0
34 52 3 1
34 53 4 2
35 54 0 4
35 17 1 4
35 3 2 2
35 31 3 0
35 48 4 0
36 63 0 2
36 31 1 1
36 19 2 0
36 30 3 1
36 5 4 3
37 38 0 4
37 54 0 2
37 36 1 3
37 25 2 2
37 41 3 0
37 1 4 0
38 22 0 2
38 77 1 4
38 72 2 3
38 33 3 0
38 75 4 2
39 50 0 2
39 32 1 0
39 71 2 0
39 45 3 0
39 29 4 0
40 73 0 4
40 20 1 4
40 15 2 4
40 5 3 4
40 23 4 4
41 48 0 2
41 29 1 1
41 27 2 2
41 49 3 0
41 54 4 1
42 55 0 3
42 72 1 4
42 79 2 0
42 27 3 4
42 66 4 3
43 47 0 2
43 23 0 1
43 50 0 3
43 0 0 4
43 4 1 2
43 33 2 1
43 30 2 2
43 15 2 0
43 19 3 3
43 58 4 2
44 48 0 1
44 33 1 0
44 72 2 1
44 9 3 2
44 65 4 4
45 65 0 0
45 68 1 3
45 1 2 3
45 72 3 2
45 10 4 3
45 0 4 2
45 15 4 4
45 28 4 0
46 23 0 2
46 63 1 2
46 63 2 4
46 68 3 2
46 60 4 1
47 34 0 3
47 50 1 4
47 70 2 0
47 27 3 1
47 35 4 1
48 78 0 3
48 24 1 3
48 79 2 2
48 64 3 0
48 6 4 1
49 35 0 1
49 56 1 4
49 44 2 2
49 73 3 2
49 28 4 2
50 46 0 3
50 4 1 0
50 52 2 0
50 5 3 1
50 21 4 4
51 16 0 2
51 38 1 2
51 55 2 1
51 1 3 0
51 77 4 1
52 50 0 2
52 13 1 3
52 12 2 3
52 73 3 4
52 16 3 3
52 53 3 2
52 69 4 3
53 38 0 3
53 75 1 1
53 63 2 1
53 29 3 2
53 9 4 3
54 53 0 4
54 42 1 3
54 9 2 3
54 48 3 4
54 3 4 0
55 24 0 2
55 33 1 3
55 2 2 3
55 10 3 1
55 28 4 1
56 13 0 0
56 57 1 4
56 60 2 1
56 77 3 0
56 55 4 0
57 52 0 3
57 34 1 0
57 4 2 4
57 55 3 1
57 35 4 4
58 58 0 3
58 57 1 2
58 49 2 3
58 61 3 0
58 3 4 3
59 58 0 0
59 45 1 4
59 53 2 2
59 55 3 3
59 76 4 4
60 38 0 4
60 46 1 0
60 9 2 2
60 39 3 4
60 5 4 1
61 76 0 1
61 47 1 1
61 60 2 1
61 62 3 1
61 29 4 0
61 21 4 4
62 25 0 2
62 11 1 1
62 38 2 2
62 67 3 1
62 16 4 0
63 9 0 4
63 50 1 3
63 32 2 4
63 68 3 3
63 32 4 1
64 39 0 3
64 24 1 0
64 69 2 4
64 23 3 3
64 59 4 3
65 76 0 2
65 78 1 2
65 72 2 2
65 7 3 3
65 12 3 0
65 32 3 4
65 60 3 2
65 75 4 0
66 47 0 1
66 58 1 2
66 11 2 1
66 49 3 0
66 69 4 0
67 40 0 2
67 55 1 0
67 41 2 4
67 26 3 4
67 68 4 4
68 63 0 0
68 1 1 0
68 48 2 4
68 25 3 4
68 2 4 1
69 69 0 4
69 3 1 0
69 45 2 0
69 16 3 2
69 73 4 1
70 4 0 1
70 15 1 0
70 4 2 2
70 24 3 0
70 8 4 1
71 32 0 3
71 34 1 1
71 76 2 2
71 0 3 4
71 63 4 1
72 49 0 4
72 45 1 0
72 10 2 0
72 24 3 1
72 74 4 4
72 69 4 3
72 52 4 1
72 22 4 0
73 54 0 4
73 32 1 2
73 55 2 4
73 4 3 2
73 60 4 4
74 21 0 2
74 57 1 4
74 35 2 4
74 23 3 4
74 52 4 2
75 68 0 2
75 47 1 3
75 68 2 3
75 34 3 4
75 79 4 3
76 6 0 1
76 27 0 2
76 7 0 4
76 62 0 3
76 51 1 1
76 68 2 3
76 18 3 1
76 71 4 2
77 50 0 0
77 6 1 2
77 43 2 4
77 28 3 3
77 36 4 3
78 47 0 1
78 57 1 2
78 25 1 3
78 78 1 0
78 50 1 1
78 8 2 1
78 69 3 2
78 29 4 1
79 27 0 3
79 74 1 2
79 30 2 1
79 57 3 2
79 62 4 4
0
FSM230550723 80 5 5 5 430 0
0 30 0 3
0 23 1 4
0 9 2 2
0 30 3 2
0 6 4 2
1 48 0 1
1 13 1 0
1 6 2 2
1 72 3 3
1 1 4 3
1 58 4 0
1 57 4 1
1 38 4 4
2 58 0 1
2 36 1 2
2 49 2 0
2 75 3 1
2 73 4 0
3 48 0 3
3 33 1 0
3 55 2 0
3 77 3 2
3 48 4 2
4 44 0 4
4 52 1 2
4 15 2 3
4 57 3 3
4 15 4 1
5 20 0 2
5 3 1 1
5 73 2 1
5 17 2 0
5 20 2 4
5 18 3 1
5 60 4 2
6 45 0 3
6 52 1 3
6 51 2 0
6 0 3 2
6 49 4 0
7 71 0 2
7 29 1 3
7 11 2 2
7 33 3 0
7 66 4 1
8 22 0 3
8 18 1 4
8 9 2 4
8 60 3 3
8 48 4 2
8 74 4 1
8 41 4 4
9 16 0 0
9 43 1 1
9 12 2 1
9 13 3 2
9 20 4 0
9 40 4 1
9 72 4 3
9 24 4 2
10 40 0 2
10 30 1 1
10 49 2 3
10 25 3 1
10 16 4 1
11 18 0 4
11 57 1 0
11 49 2 1
11 38 3 1
11 19 4 4
12 53 0 3
12 43 1 4
12 8 2 0
12 53 3 2
12 51 4 1
13 46 0 2
13 69 1 1
13 31 2 4
13 66 3 3
13 55 4 4
14 0 0 2
14 71 1 2
14 2 2 0
14 74 3 0
14 25 4 0
15 61 0 3
15 78 1 0
15 27 2 0
15 55 3 4
15 69 4 3
16 54 0 2
16 72 1 1
16 42 2 2
16 41 3 1
16 65 4 4
17 58 0 1
17 48 1 1
17 79 2 4
17 66 3 1
17 28 4 4
18 53 0 2
18 23 1 1
18 42 2 0
18 26 3 2
18 16 4 1
19 55 0 2
19 78 1 0
19 14 2 4
19 74 3 3
19 75 4 3
20 73 0 2
20 40 1 1
20 50 2 1
20 39 3 0
20 36 4 3
21 45 0 3
21 30 1 3
21 47 2 4
21 3 3 0
21 49 4 1
22 36 0 1
22 10 1 1
22 52 2 2
22 40 3 0
22 58 4 3
23 18 0 3
23 51 1 1
23 57 2 0
23 9 3 3
23 64 4 4
24 17 0 0
24 4 1 3
24 8 2 2
24 70 3 4
24 6 4 4
25 70 0 1
25 55 1 0
25 60 2 1
25 67 3 4
25 27 4 0
26 74 0 1
26 31 1 3
26 45 2 2
26 4 3 2
26 8 4 2
27 40 0 2
27 38 1 3
27 9 2 2
27 53 3 4
27 41 4 3
28 61 0 2
28 65 1 3
28 55 2 0
28 44 3 1
28 26 4 1
29 33 0 0
29 68 1 1
29 8 2 1
29 79 3 3
29 11 4 3
30 23 0 4
30 16 1 0
30 34 2 0
30 0 3 1
30 45 4 1
31 39 0 1
31 65 1 0
31 42 2 0
31 40 3 1
31 2 4 3
32 60 0 1
32 53 1 0
32 74 2 3
32 0 3 0
32 40 4 2
33 26 0 1
33 1 1 3
33 36 2 0
33 12 3 1
33 42 4 3
34 21 0 2
34 48 1 3
34 37 2 4
34 10 3 0
34 49 4 0
35 59 0 4
35 71 1 1
35 52 2 3
35 29 3 2
35 13 4 3
36 54 0 3
36 23 1 4
36 64 2 4
36 45 3 2
36 47 4 1
37 43 0 0
37 70 1 3
37 71 2 0
37 70 3 3
37 35 4 3
38 46 0 2
38 47 1 1
38 8 2 0
38 73 3 0
38 5 4 1
39 47 0 2
39 14 1 1
39 38 2 0
39 58 3 3
39 12 4 3
40 64 0 1
40 50 1 4
40 12 1 2
40 43 1 1
40 41 1 3
40 45 2 1
40 50 3 0
40 62 4 2
41 55 0 0
41 18 1 4
41 8 2 4
41 67 3 0
41 64 4 0
42 34 0 4
42 65 1 3
42 61 2 0
42 63 3 4
42 46 4 2
43 5 0 1
43 9 1 3
43 55 2 2
43 30 3 4
43 17 4 4
44 12 0 3
44 14 1 1
44 6 2 4
44 62 3 4
44 32 4 4
45 39 0 3
45 36 1 0
45 17 2 3
45 17 3 2
45 76 4 0
46 61 0 3
46 56 1 0
46 67 2 4
46 79 3 0
46 41 4 1
47 50 0 4
47 71 1 4
47 50 2 4
47 13 3 3
47 63 4 0
48 79 0 0
48 68 1 3
48 39 2 0
48 73 3 1
48 78 4 3
49 79 0 3
49 63 1 3
49 3 2 4
49 21 2 2
49 51 2 1
49 40 2 3
49 16 3 0
49 55 4 1
50 37 0 2
50 69 1 0
50 23 2 2
50 6 3 0
50 28 4 1
51 27 0 0
51 69 1 2
51 27 2 2
51 59 3 3
51 3 4 3
52 50 0 1
52 47 1 1
52 11 2 2
52 55 3 1
52 55 4 4
53 3 0 3
53 10 1 4
53 31 2 3
53 15 3 2
53 60 4 4
54 65 0 2
54 13 1 0
54 2 1 3
54 11 1 1
54 30 2 3
54 58 3 2
54 58 4 4
54 2 4 0
54 22 4 3
54 22 4 1
55 34 0 4
55 18 1 2
55 21 2 2
55 25 3 0
55 4 4 0
56 25 0 3
56 29 0 2
56 9 0 4
56 32 1 4
56 50 2 4
56 9 3 3
56 43 4 2
57 70 0 1
57 71 1 4
57 18 2 3
57 79 3 3
57 42 4 3
58 74 0 0
58 40 1 1
58 51 2 0
58 16 3 1
58 20 4 0
59 78 0 4
59 57 1 3
59 22 2 2
59 10 3 2
59 1 4 1
60 77 0 2
60 18 1 2
60 65 2 4
60 19 3 1
60 71 3 3
60 32 3 4
60 70 4 2
61 7 0 0
61 1 1 0
61 17 2 1
61 59 3 3
61 33 4 2
62 70 0 4
62 62 1 3
62 50 2 2
62 37 3 1
62 10 4 2
63 63 0 1
63 61 1 4
63 66 2 1
63 1 3 0
63 57 4 3
64 58 0 1
64 21 1 2
64 47 2 4
64 60 2 3
64 61 2 0
64 78 2 2
64 0 3 3
64 1 4 4
65 13 0 1
65 66 1 3
65 58 2 1
65 37 3 1
65 72 4 3
66 15 0 0
66 1 1 4
66 73 2 3
66 72 3 3
66 57 4 3
67 51 0 4
67 67 1 3
67 48 2 4
67 29 3 1
67 75 4 3
68 76 0 4
68 3 1 1
68 61 2 4
68 47 3 1
68 64 4 1
69 68 0 3
69 72 1 2
69 69 2 0
69 54 3 0
69 63 4 4
70 74 0 0
70 38 1 4
70 49 2 4
70 40 3 3
70 55 4 1
71 23 0 1
71 40 1 0
71 35 2 1
71 51 3 4
71 3 4 0
72 50 0 1
72 21 1 3
72 24 1 2
72 45 2 2
72 5 3 3
72 9 4 3
73 45 0 0
73 5 1 3
73 15 2 0
73 53 3 4
73 35 4 1
74 41 0 2
74 54 1 0
74 31 2 0
74 65 3 2
74 78 4 3
75 77 0 3
75 42 1 2
75 19 2 2
75 63 3 1
75 39 4 3
76 5 0 4
76 45 1 2
76 22 2 2
76 0 3 3
76 22 4 3
76 54 4 0
77 41 0 3
77 9 1 1
77 19 2 3
77 66 3 3
77 55 4 4
78 20 0 1
78 2 1 3
78 44 2 1
78 67 3 3
78 64 4 4
79 18 0 3
79 37 1 4
79 1 2 1
79 23 3 0
79 9 4 1
0
FSM230550724 80 5 5 5 443 0
0 15 0 1
0 79 1 0
0 53 2 1
0 48 3 2
0 64 4 4
1 53 0 0
1 10 1 2
1 44 2 4
1 43 3 0
1 33 4 0
2 5 0 2
2 37 1 4
2 61 1 1
2 54 1 0
2 70 2 2
2 6 3 3
2 24 4 2
3 14 0 4
3 47 1 3
3 46 2 2
3 40 3 4
3 50 4 4
4 76 0 3
4 38 1 4
4 39 2 4
4 27 3 4
4 1 4 3
5 42 0 1
5 73 0 4
5 1 0 3
5 53 1 1
5 42 1 2
5 60 2 1
5 23 3 3
5 33 4 3
6 14 0 0
6 1 1 2
6 39 2 1
6 10 3 4
6 7 4 4
7 61 0 4
7 1 1 0
7 12 2 0
7 53 3 2
7 23 4 3
8 51 0 0
8 52 1 1
8 23 2 4
8 52 3 1
8 72 4 0
9 32 0 2
9 65 1 0
9 22 2 4
9 38 3 0
9 51 4 4
10 74 0 3
10 9 1 1
10 76 2 2
10 59 3 1
10 3 4 0
11 65 0 1
11 26 1 2
11 42 2 2
11 36 3 3
11 34 4 1
12 0 0 4
12 18 1 2
12 58 2 4
12 13 3 2
12 56 4 2
13 47 0 3
13 67 1 3
13 77 2 3
13 34 3 1
13 54 4 0
14 72 0 4
14 66 1 3
14 15 2 0
14 60 3 1
14 59 4 3
15 29 0 1
15 32 1 4
15 41 2 3
15 70 2 2
15 74 2 4
15 26 3 2
15 38 4 1
16 71 0 2
16 61 1 1
16 50 2 3
16 11 3 0
16 37 4 2
17 75 0 1
17 27 1 3
17 69 2 3
17 63 3 4
17 43 4 2
18 2 0 0
18 41 1 2
18 26 2 2
18 37 3 0
18 78 4 1
19 35 0 2
19 17 1 0
19 51 2 0
19 50 3 0
19 30 4 2
20 26 0 4
20 31 1 4
20 50 2 3
20 19 3 2
20 39 4 4
21 60 0 1
21 18 1 0
21 6 2 4
21 32 3 0
21 54 4 3
22 69 0 1
22 79 1 1
22 48 2 1
22 45 3 0
22 21 4 0
23 22 0 2
23 78 1 4
23 47 2 3
23 63 3 0
23 66 4 3
24 77 0 2
24 53 1 0
24 33 2 3
24 66 3 1
24 54 4 2
25 32 0 2
25 55 1 2
25 12 2 2
25 53 3 1
25 69 4 3
26 66 0 4
26 22 1 4
26 33 2 2
26 54 3 2
26 74 4 0
27 51 0 3
27 64 1 3
27 2 2 1
27 69 3 3
27 64 4 1
28 75 0 2
28 0 1 2
28 57 2 2
28 62 3 0
28 34 3 1
28 23 3 2
28 2 4 2
29 51 0 1
29 0 1 3
29 41 2 0
29 43 3 0
29 31 4 0
30 15 0 1
30 54 1 0
30 34 2 3
30 45 3 1
30 62 4 2
31 67 0 4
31 8 1 1
31 10 2 2
31 52 2 4
31 4 3 1
31 44 4 0
32 66 0 3
32 20 0 1
32 78 0 0
32 3 0 4
32 68 1 4
32 54 2 3
32 9 3 1
32 57 4 2
32 72 4 3
32 77 4 0
32 73 4 1
33 65 0 1
33 56 0 3
33 5 0 0
33 23 1 4
33 13 2 0
33 38 3 0
33 33 4 0
34 74 0 3
34 28 1 1
34 16 2 0
34 22 3 1
34 75 4 0
35 7 0 2
35 8 1 3
35 51 2 3
35 11 3 4
35 32 4 3
36 1 0 4
36 6 1 1
36 43 2 3
36 79 3 4
36 53 4 0
37 14 0 2
37 67 1 0
37 46 2 4
37 77 3 0
37 58 4 1
38 3 0 2
38 23 0 0
38 55 0 1
38 46 0 4
38 48 1 1
38 58 2 0
38 23 3 2
38 57 4 1
39 46 0 4
39 3 1 2
39 40 2 0
39 47 3 0
39 33 4 2
40 14 0 1
40 50 1 1
40 46 2 0
40 24 3 4
40 43 4 4
41 67 0 2
41 39 1 1
41 54 2 0
41 12 2 1
41 77 2 3
41 3 2 2
41 23 3 3
41 51 4 0
42 58 0 3
42 12 1 4
42 23 2 3
42 27 3 1
42 61 4 4
43 51 0 1
43 19 1 1
43 67 2 1
43 71 3 1
43 6 4 3
44 61 0 2
44 59 1 4
44 1 2 3
44 64 3 3
44 1 4 1
45 0 0 4
45 25 1 4
45 14 2 4
45 29 3 4
45 23 4 2
46 17 0 4
46 11 1 4
46 77 2 3
46 24 3 2
46 69 4 3
47 77 0 4
47 27 1 3
47 62 2 1
47 13 3 2
47 64 4 4
48 55 0 1
48 12 1 3
48 19 2 0
48 34 3 4
48 34 4 3
49 18 0 0
49 38 1 1
49 63 2 3
49 48 3 0
49 0 4 1
50 48 0 1
50 77 1 2
50 78 2 2
50 26 3 1
50 36 4 0
51 43 0 3
51 17 1 1
51 46 2 0
51 11 3 0
51 23 4 1
52 18 0 4
52 34 1 0
52 64 2 4
52 77 3 2
52 22 4 1
53 18 0 4
53 9 1 3
53 55 2 0
53 49 3 1
53 72 4 2
54 72 0 1
54 33 1 1
54 45 2 2
54 77 3 1
54 32 3 3
54 78 3 0
54 24 3 4
54 16 4 1
54 21 4 3
54 68 4 2
55 59 0 2
55 0 1 0
55 62 2 1
55 37 3 1
55 25 4 1
56 44 0 4
56 69 1 1
56 25 2 0
56 20 3 2
56 70 4 2
57 45 0 1
57 35 1 3
57 50 2 2
57 2 3 3
57 8 3 4
57 8 3 0
57 30 4 0
58 37 0 2
58 64 1 2
58 19 2 2
58 52 3 2
58 71 4 4
59 73 0 0
59 3 1 2
59 30 2 3
59 1 3 2
59 4 4 4
59 56 4 3
60 12 0 0
60 52 1 0
60 35 2 3
60 57 3 2
60 54 4 3
61 78 0 1
61 14 1 0
61 72 2 4
61 32 3 4
61 55 4 3
62 73 0 4
62 2 1 3
62 62 2 0
62 77 3 1
62 37 4 0
63 37 0 4
63 58 1 0
63 44 2 2
63 36 3 0
63 58 4 2
64 35 0 2
64 66 1 2
64 33 2 0
64 9 3 4
64 25 4 4
65 49 0 2
65 15 1 1
65 47 2 3
65 7 3 2
65 69 4 1
66 50 0 4
66 46 1 3
66 64 2 1
66 56 3 3
66 11 4 4
67 5 0 0
67 45 1 0
67 68 2 1
67 8 3 1
67 16 4 0
68 70 0 4
68 8 1 1
68 3 2 4
68 40 3 0
68 61 3 1
68 56 3 3
68 26 3 2
68 17 4 3
69 34 0 0
69 30 1 2
69 36 2 2
69 47 3 2
69 6 4 2
69 55 4 1
69 30 4 4
69 38 4 0
70 72 0 4
70 20 1 0
70 16 2 1
70 19 3 3
70 12 4 4
71 59 0 2
71 67 1 2
71 53 2 4
71 2 3 4
71 61 4 1
72 49 0 3
72 69 1 2
72 38 1 0
72 1 1 1
72 59 2 3
72 11 3 3
72 60 4 1
73 39 0 4
73 19 1 1
73 3 2 4
73 52 3 4
73 61 4 4
74 19 0 4
74 35 1 2
74 16 2 2
74 5 3 1
74 30 4 2
75 27 0 4
75 39 1 1
75 4 2 4
75 1 3 2
75 54 4 1
76 73 0 1
76 18 1 0
76 52 2 1
76 4 3 1
76 64 4 0
77 16 0 1
77 5 1 3
77 41 2 0
77 71 3 4
77 23 3 1
77 64 4 4
78 37 0 2
78 75 1 1
78 29 2 1
78 3 3 2
78 64 3 3
78 30 3 4
78 5 4 1
79 10 0 1
79 33 1 3
79 56 2 1
79 16 3 2
79 10 4 0
0
FSM230550725 80 5 5 5 429 0
0 70 0 0
0 1 1 0
0 9 2 4
0 2 3 1
0 64 4 0
1 62 0 1
1 68 1 0
1 61 1 2
1 78 1 3
1 34 2 3
1 40 3 3
1 60 4 0
2 25 0 1
2 70 1 2
2 79 2 3
2 49 3 3
2 53 4 0
3 25 0 1
3 78 1 3
3 27 2 4
3 57 3 1
3 24 4 1
4 22 0 3
4 35 1 2
4 38 2 4
4 30 3 1
4 60 4 0
5 20 0 2
5 64 1 4
5 30 2 0
5 22 2 1
5 11 2 3
5 27 3 0
5 15 4 4
6 39 0 4
6 1 1 2
6 37 2 4
6 71 3 3
6 59 4 2
7 59 0 0
7 36 1 4
7 75 2 3
7 21 3 4
7 48 4 4
8 1 0 4
8 7 1 4
8 9 2 0
8 44 3 2
8 4 4 3
9 25 0 1
9 69 1 3
9 67 2 3
9 57 2 2
9 35 3 1
9 53 4 2
10 16 0 0
10 34 1 0
10 64 2 4
10 70 3 4
10 16 4 1
11 6 0 1
11 55 1 0
11 58 2 2
11 78 3 1
11 42 4 3
12 31 0 1
12 61 1 0
12 32 2 3
12 18 2 1
12 65 2 2
12 6 3 2
12 34 4 2
13 43 0 2
13 5 1 4
13 17 2 3
13 50 3 0
13 58 4 2
14 38 0 1
14 76 1 1
14 63 2 0
14 10 3 0
14 50 4 0
15 0 0 1
15 78 1 2
15 64 2 0
15 62 3 3
15 59 4 1
16 12 0 2
16 3 1 3
16 56 2 1
16 39 3 3
16 77 4 1
17 75 0 2
17 60 1 0
17 55 2 4
17 40 3 3
17 66 4 1
18 42 0 0
18 5 1 3
18 55 2 3
18 16 3 3
18 32 4 1
19 62 0 1
19 79 1 1
19 25 2 3
19 56 3 1
19 16 4 2
20 2 0 0
20 19 1 2
20 50 2 0
20 79 3 0
20 31 4 0
21 71 0 2
21 75 1 1
21 15 2 0
21 56 3 2
21 22 3 0
21 56 3 1
21 26 4 2
22 66 0 4
22 65 1 3
22 0 2 4
22 12 3 2
22 66 4 0
23 49 0 4
23 73 1 3
23 21 2 0
23 49 3 4
23 5 4 2
24 1 0 0
24 13 1 3
24 75 2 4
24 9 3 3
24 21 4 4
25 52 0 4
25 68 1 0
25 39 2 0
25 4 3 1
25 46 4 2
26 3 0 1
26 33 1 1
26 14 2 2
26 57 3 3
26 46 4 0
27 13 0 1
27 19 1 0
27 33 2 3
27 39 3 4
27 33 4 0
28 11 0 4
28 71 1 2
28 39 2 1
28 32 3 2
28 17 4 0
29 77 0 1
29 25 1 1
29 19 2 3
29 68 3 1
29 69 4 1
30 58 0 4
30 43 1 4
30 64 2 1
30 42 3 1
30 15 4 4
31 23 0 3
31 42 1 3
31 63 2 2
31 48 2 0
31 58 2 3
31 77 3 1
31 68 4 1
32 52 0 2
32 67 1 0
32 34 2 2
32 23 3 4
32 34 4 1
33 25 0 0
33 27 1 2
33 59 2 0
33 48 3 3
33 39 4 1
34 67 0 3
34 25 1 4
34 20 2 0
34 16 3 2
34 54 4 0
35 48 0 3
35 29 1 4
35 14 2 0
35 12 3 4
35 59 3 3
35 77 3 2
35 26 4 1
36 49 0 3
36 34 1 0
36 76 2 4
36 76 3 3
36 6 4 2
37 28 0 1
37 62 1 4
37 75 2 1
37 62 3 1
37 49 4 2
38 72 0 4
38 26 1 2
38 25 1 1
38 35 1 4
38 24 1 3
38 79 2 2
38 53 3 3
38 33 4 3
39 55 0 4
39 21 1 2
39 35 2 1
39 51 3 3
39 32 4 2
40 8 0 4
40 76 1 2
40 43 2 0
40 49 3 3
40 19 4 2
40 14 4 4
40 34 4 3
41 26 0 3
41 12 1 3
41 63 2 2
41 13 3 2
41 59 4 1
42 59 0 1
42 16 1 2
42 72 2 2
42 36 3 1
42 75 4 4
43 12 0 1
43 69 1 0
43 44 2 0
43 6 3 3
43 14 4 1
44 58 0 4
44 62 0 3
44 44 1 3
44 25 2 1
44 4 3 4
44 70 4 1
45 15 0 4
45 29 1 1
45 62 2 3
45 52 3 2
45 1 4 2
46 10 0 4
46 68 1 4
46 60 2 1
46 0 3 1
46 4 4 0
47 10 0 3
47 60 1 0
47 66 2 2
47 73 3 2
47 56 4 3
48 67 0 2
48 45 1 4
48 79 2 2
48 56 3 3
48 78 4 0
49 9 0 4
49 49 1 4
49 67 2 3
49 21 3 3
49 26 4 1
50 20 0 3
50 67 1 1
50 30 2 0
50 0 3 2
50 66 4 3
51 59 0 4
51 20 1 3
51 67 2 2
51 52 3 4
51 50 4 1
52 10 0 1
52 30 1 0
52 47 2 4
52 57 3 0
52 8 4 3
53 59 0 2
53 69 1 1
53 9 2 0
53 79 3 1
53 60 4 1
54 53 0 4
54 39 1 1
54 30 2 2
54 45 3 4
54 54 4 2
55 39 0 2
55 53 1 2
55 40 2 0
55 31 3 2
55 54 4 2
56 56 0 0
56 25 1 2
56 41 2 1
56 19 3 1
56 39 4 3
57 68 0 4
57 72 1 4
57 15 2 3
57 76 3 2
57 36 4 4
58 23 0 4
58 37 1 0
58 22 2 0
58 6 3 0
58 3 4 2
59 75 0 0
59 38 1 0
59 65 1 4
59 26 2 2
59 41 3 3
59 56 4 3
60 8 0 3
60 69 1 1
60 41 2 4
60 3 3 4
60 9 4 2
61 50 0 2
61 49 1 3
61 67 2 3
61 58 2 1
61 46 2 0
61 78 3 0
61 69 4 3
62 30 0 0
62 3 1 3
62 66 2 0
62 69 3 4
62 37 4 0
63 38 0 3
63 31 1 1
63 20 2 2
63 56 3 3
63 20 4 0
64 4 0 3
64 45 1 1
64 56 2 1
64 69 3 3
64 39 4 0
65 57 0 1
65 17 1 3
65 16 2 4
65 4 3 2
65 0 4 3
66 74 0 4
66 40 1 1
66 21 2 1
66 19 3 4
66 19 4 3
67 6 0 1
67 3 1 4
67 24 2 0
67 10 3 3
67 72 4 2
68 13 0 0
68 68 1 0
68 30 2 1
68 74 3 0
68 38 4 4
69 31 0 2
69 8 1 0
69 20 2 0
69 52 3 0
69 35 4 4
70 71 0 1
70 4 1 1
70 6 2 2
70 38 3 0
70 27 4 1
71 12 0 1
71 70 1 2
71 10 2 0
71 5 3 3
71 14 4 3
72 16 0 3
72 18 1 4
72 55 1 0
72 54 2 2
72 2 3 4
72 16 3 2
72 64 3 0
72 28 3 1
72 74 4 4
73 75 0 1
73 44 1 4
73 75 2 3
73 45 3 4
73 36 4 0
74 6 0 2
74 73 1 1
74 29 2 0
74 8 3 4
74 74 4 0
75 54 0 2
75 50 1 3
75 56 2 0
75 63 3 4
75 29 3 2
75 73 4 3
76 72 0 0
76 2 1 0
76 1 2 2
76 0 3 0
76 41 4 2
77 46 0 1
77 55 1 0
77 3 2 1
77 55 3 2
77 41 4 2
78 72 0 2
78 70 1 4
78 19 2 3
78 34 3 1
78 63 4 0
79 68 0 2
79 2 1 3
79 18 1 4
79 15 2 0
79 23 3 0
79 3 3 3
79 47 4 1
0
FSM230550726 80 5 5 5 436 0
0 50 0 4
0 55 1 3
0 74 2 2
0 49 2 0
0 62 2 4
0 10 2 1
0 55 3 2
0 22 4 3
1 15 0 0
1 3 1 2
1 7 2 3
1 24 3 4
1 28 4 3
2 39 0 2
2 60 1 2
2 71 2 2
2 22 3 3
2 33 4 4
3 23 0 0
3 30 1 4
3 2 2 0
3 78 3 0
3 30 3 2
3 48 4 0
4 56 0 4
4 38 1 0
4 32 2 2
4 67 3 3
4 9 4 4
5 29 0 1
5 15 1 0
5 32 2 0
5 3 3 1
5 61 4 0
6 32 0 1
6 73 1 0
6 40 2 0
6 50 3 1
6 44 4 4
7 10 0 4
7 75 1 1
7 70 2 2
7 75 3 1
7 3 4 0
8 12 0 0
8 14 1 2
8 65 2 2
8 21 3 0
8 5 4 1
9 22 0 3
9 73 1 0
9 28 2 4
9 69 3 0
9 25 4 1
10 64 0 0
10 60 1 1
10 29 2 3
10 20 3 0
10 20 4 3
11 47 0 4
11 40 1 2
11 59 2 0
11 45 3 4
11 61 4 1
12 47 0 0
12 8 0 4
12 44 0 3
12 77 0 1
12 44 1 1
12 25 2 0
12 75 3 3
12 32 4 2
13 59 0 1
13 48 1 3
13 45 2 1
13 55 3 1
13 67 4 2
14 76 0 4
14 41 1 4
14 66 2 1
14 20 3 4
14 29 4 4
15 44 0 1
15 40 1 2
15 12 2 2
15 46 3 2
15 78 4 4
16 67 0 3
16 56 1 4
16 23 1 0
16 32 2 0
16 73 3 4
16 57 4 0
17 40 0 2
17 10 1 3
17 28 2 4
17 23 3 4
17 3 4 0
18 67 0 0
18 2 1 3
18 23 2 1
18 39 3 1
18 1 4 3
18 17 4 4
18 21 4 2
19 42 0 1
19 60 1 3
19 34 2 1
19 72 3 2
19 11 4 3
20 1 0 1
20 58 1 1
20 14 2 4
20 20 3 0
20 3 4 0
21 19 0 0
21 52 1 3
21 55 2 4
21 29 3 1
21 15 4 3
22 9 0 0
22 54 1 4
22 12 2 1
22 42 3 2
22 11 4 2
23 58 0 0
23 34 1 1
23 65 2 3
23 29 3 2
23 41 4 4
24 52 0 3
24 62 1 2
24 56 2 0
24 28 3 3
24 47 4 3
25 29 0 2
25 11 1 0
25 48 2 2
25 36 3 1
25 66 4 4
26 38 0 4
26 49 1 3
26 14 2 2
26 56 3 1
26 23 4 1
27 19 0 2
27 39 1 3
27 5 2 0
27 52 3 1
27 3 4 2
28 14 0 2
28 34 1 4
28 57 2 4
28 31 3 4
28 7 4 4
29 74 0 1
29 67 1 2
29 67 1 4
29 72 1 1
29 77 1 3
29 34 2 2
29 64 2 1
29 41 3 0
29 32 4 3
29 69 4 2
30 37 0 4
30 59 1 4
30 39 2 0
30 65 3 3
30 9 4 0
30 30 4 4
31 48 0 3
31 68 1 0
31 64 2 1
31 77 3 0
31 1 4 4
32 10 0 1
32 27 1 3
32 41 2 3
32 70 3 3
32 6 4 3
33 11 0 0
33 33 0 4
33 59 0 1
33 15 1 1
33 55 2 2
33 65 3 0
33 45 4 1
34 72 0 2
34 65 1 1
34 73 1 0
34 70 2 1
34 23 3 2
34 42 3 0
34 62 4 3
35 32 0 3
35 78 1 2
35 32 2 2
35 41 2 4
35 31 2 0
35 79 2 1
35 10 3 3
35 76 4 3
36 59 0 0
36 9 1 1
36 62 2 0
36 78 3 2
36 51 4 3
37 13 0 0
37 67 1 2
37 1 2 0
37 72 3 4
37 58 4 1
38 43 0 3
38 78 1 0
38 39 2 4
38 74 3 4
38 66 4 4
39 36 0 3
39 12 1 0
39 12 2 3
39 29 3 2
39 68 4 3
40 18 0 0
40 45 1 4
40 20 2 0
40 41 3 3
40 31 4 2
41 70 0 2
41 49 1 3
41 60 2 3
41 14 3 4
41 5 4 4
42 10 0 3
42 56 1 4
42 31 2 4
42 31 3 2
42 27 4 4
43 74 0 4
43 29 1 2
43 5 2 2
43 72 3 3
43 29 4 2
44 63 0 2
44 70 1 1
44 18 2 4
44 52 3 1
44 49 4 0
45 22 0 3
45 40 0 2
45 54 0 4
45 46 0 0
45 66 1 4
45 71 2 3
45 34 3 0
45 69 4 2
46 64 0 1
46 77 1 0
46 30 2 2
46 63 3 2
46 3 4 4
47 29 0 3
47 67 1 0
47 72 2 4
47 8 3 4
47 30 4 4
48 43 0 3
48 57 1 3
48 63 2 0
48 0 3 2
48 36 3 1
48 12 3 4
48 19 3 0
48 36 4 0
49 6 0 1
49 0 1 2
49 27 2 3
49 11 3 4
49 65 4 2
50 3 0 0
50 2 1 1
50 49 2 2
50 51 3 1
50 54 4 2
51 9 0 2
51 9 1 2
51 4 2 3
51 77 3 0
51 45 4 2
52 40 0 3
52 79 1 4
52 64 2 4
52 35 3 0
52 6 4 2
53 44 0 1
53 6 1 1
53 71 2 4
53 74 3 1
53 44 4 3
54 64 0 2
54 16 1 4
54 36 2 3
54 30 3 1
54 31 4 1
55 20 0 0
55 11 1 1
55 65 2 3
55 14 3 4
55 38 4 1
56 53 0 3
56 14 1 2
56 77 2 1
56 29 3 2
56 69 4 3
57 65 0 1
57 0 1 0
57 21 2 2
57 69 3 4
57 22 4 2
58 43 0 3
58 51 1 0
58 43 2 0
58 49 3 2
58 5 4 1
59 43 0 4
59 28 1 3
59 3 2 0
59 33 3 2
59 27 4 4
60 16 0 1
60 64 1 1
60 34 2 3
60 1 3 3
60 28 4 3
61 54 0 2
61 2 1 3
61 60 2 3
61 8 3 1
61 27 4 3
62 26 0 0
62 59 0 2
62 79 0 3
62 34 1 3
62 33 2 3
62 40 3 2
62 33 4 3
63 10 0 3
63 64 1 1
63 57 2 2
63 19 3 2
63 25 4 1
64 6 0 4
64 10 1 1
64 35 2 3
64 6 3 3
64 3 4 4
65 41 0 0
65 4 1 4
65 69 2 1
65 14 3 2
65 43 4 4
66 41 0 4
66 19 1 1
66 71 2 3
66 66 3 0
66 69 4 0
67 4 0 1
67 63 1 1
67 13 2 1
67 30 3 2
67 12 4 2
68 5 0 3
68 31 1 1
68 35 2 3
68 28 3 2
68 51 4 4
69 5 0 2
69 1 1 2
69 16 2 0
69 56 3 4
69 1 4 1
70 49 0 0
70 70 1 4
70 23 2 2
70 59 3 0
70 20 4 3
71 48 0 0
71 0 1 4
71 74 2 3
71 2 3 0
71 60 4 2
72 29 0 4
72 63 1 3
72 79 2 1
72 3 3 2
72 16 4 0
73 18 0 0
73 31 1 2
73 49 2 0
73 12 3 4
73 32 4 4
74 60 0 1
74 4 1 2
74 33 2 4
74 36 3 1
74 54 4 1
75 39 0 2
75 60 1 4
75 69 2 0
75 34 2 2
75 2 2 4
75 15 3 3
75 48 4 2
76 6 0 3
76 41 1 2
76 77 2 2
76 70 3 3
76 13 4 0
77 11 0 4
77 41 1 2
77 40 2 3
77 70 3 3
77 0 4 3
78 64 0 3
78 2 1 1
78 26 2 0
78 58 3 2
78 19 4 3
79 21 0 4
79 74 0 2
79 76 0 0
79 26 1 1
79 47 1 4
79 22 2 0
79 3 3 0
79 9 4 3
0

